# Type: scattered data
# Version: 6
# Description: No description
# Format: free
# Field: 1 x
# Field: 2 y
# Field: 3 z meters
# Field: 4 column
# Field: 5 row
# Projection: Local Rectangular
# Units: meters
# End:
# Information from grid:
# Grid_size: 48 x 22
# Grid_space: 780300.000000,785000.000000,528500.000000,530600.000000
# Scattered data: Not_available
# Z_field: z
# Vertical_faults: Not_available
# History: No history
# Z_units: meters
780300.000000 528500.000000 -3539.423828 1 1
780400.000000 528500.000000 -3540.384766 2 1
780500.000000 528500.000000 -3541.419189 3 1
780600.000000 528500.000000 -3542.523926 4 1
780700.000000 528500.000000 -3543.740479 5 1
780800.000000 528500.000000 -3545.107178 6 1
780900.000000 528500.000000 -3546.642334 7 1
781000.000000 528500.000000 -3548.304688 8 1
781100.000000 528500.000000 -3549.994141 9 1
781200.000000 528500.000000 -3551.600342 10 1
781300.000000 528500.000000 -3553.089111 11 1
781400.000000 528500.000000 -3554.524658 12 1
781500.000000 528500.000000 -3555.927490 13 1
781600.000000 528500.000000 -3557.071289 14 1
781700.000000 528500.000000 -3557.412354 15 1
781800.000000 528500.000000 -3557.490234 16 1
781900.000000 528500.000000 -3556.888184 17 1
782000.000000 528500.000000 -3554.560791 18 1
782100.000000 528500.000000 -3549.070068 19 1
782200.000000 528500.000000 -3540.758545 20 1
782300.000000 528500.000000 -3534.244629 21 1
782400.000000 528500.000000 -3527.306885 22 1
782500.000000 528500.000000 -3523.320557 23 1
782600.000000 528500.000000 -3520.485107 24 1
782700.000000 528500.000000 -3520.126221 25 1
782800.000000 528500.000000 -3519.563721 26 1
782900.000000 528500.000000 -3517.934082 27 1
783000.000000 528500.000000 -3517.568115 28 1
783100.000000 528500.000000 -3519.618896 29 1
783200.000000 528500.000000 -3523.121826 30 1
783300.000000 528500.000000 -3527.175293 31 1
783400.000000 528500.000000 -3530.417725 32 1
783500.000000 528500.000000 -3534.918945 33 1
783600.000000 528500.000000 -3541.041016 34 1
783700.000000 528500.000000 -3547.337402 35 1
783800.000000 528500.000000 -3553.092773 36 1
783900.000000 528500.000000 -3559.593018 37 1
784000.000000 528500.000000 -3567.169189 38 1
784100.000000 528500.000000 -3575.656494 39 1
784200.000000 528500.000000 -3585.081787 40 1
784300.000000 528500.000000 -3595.693359 41 1
784400.000000 528500.000000 -3607.566650 42 1
784500.000000 528500.000000 -3620.131592 43 1
784600.000000 528500.000000 -3632.398193 44 1
784700.000000 528500.000000 -3643.485596 45 1
784800.000000 528500.000000 -3652.972168 46 1
784900.000000 528500.000000 -3661.174561 47 1
785000.000000 528500.000000 -3668.862305 48 1
780300.000000 528600.000000 -3536.036865 1 2
780400.000000 528600.000000 -3536.849121 2 2
780500.000000 528600.000000 -3537.644531 3 2
780600.000000 528600.000000 -3538.427246 4 2
780700.000000 528600.000000 -3539.218994 5 2
780800.000000 528600.000000 -3540.054199 6 2
780900.000000 528600.000000 -3540.965332 7 2
781000.000000 528600.000000 -3541.946045 8 2
781100.000000 528600.000000 -3542.940918 9 2
781200.000000 528600.000000 -3543.898682 10 2
781300.000000 528600.000000 -3544.840088 11 2
781400.000000 528600.000000 -3545.896729 12 2
781500.000000 528600.000000 -3547.197510 13 2
781600.000000 528600.000000 -3548.181152 14 2
781700.000000 528600.000000 -3547.121582 15 2
781800.000000 528600.000000 -3546.200195 16 2
781900.000000 528600.000000 -3544.869385 17 2
782000.000000 528600.000000 -3542.650635 18 2
782100.000000 528600.000000 -3538.092041 19 2
782200.000000 528600.000000 -3528.900635 20 2
782300.000000 528600.000000 -3523.973389 21 2
782400.000000 528600.000000 -3517.305664 22 2
782500.000000 528600.000000 -3512.310791 23 2
782600.000000 528600.000000 -3508.076660 24 2
782700.000000 528600.000000 -3506.201172 25 2
782800.000000 528600.000000 -3505.464600 26 2
782900.000000 528600.000000 -3505.757324 27 2
783000.000000 528600.000000 -3507.169922 28 2
783100.000000 528600.000000 -3509.797363 29 2
783200.000000 528600.000000 -3512.775879 30 2
783300.000000 528600.000000 -3516.746582 31 2
783400.000000 528600.000000 -3518.749756 32 2
783500.000000 528600.000000 -3523.135010 33 2
783600.000000 528600.000000 -3529.978516 34 2
783700.000000 528600.000000 -3536.358398 35 2
783800.000000 528600.000000 -3542.671387 36 2
783900.000000 528600.000000 -3550.616211 37 2
784000.000000 528600.000000 -3559.522949 38 2
784100.000000 528600.000000 -3568.731201 39 2
784200.000000 528600.000000 -3578.098389 40 2
784300.000000 528600.000000 -3588.073486 41 2
784400.000000 528600.000000 -3599.159668 42 2
784500.000000 528600.000000 -3610.908447 43 2
784600.000000 528600.000000 -3622.618896 44 2
784700.000000 528600.000000 -3633.312012 45 2
784800.000000 528600.000000 -3642.151367 46 2
784900.000000 528600.000000 -3649.687744 47 2
785000.000000 528600.000000 -3656.959717 48 2
780300.000000 528700.000000 -3532.734375 1 3
780400.000000 528700.000000 -3533.376953 2 3
780500.000000 528700.000000 -3533.913330 3 3
780600.000000 528700.000000 -3534.350342 4 3
780700.000000 528700.000000 -3534.695068 5 3
780800.000000 528700.000000 -3534.985352 6 3
780900.000000 528700.000000 -3535.270752 7 3
781000.000000 528700.000000 -3535.572998 8 3
781100.000000 528700.000000 -3535.863770 9 3
781200.000000 528700.000000 -3536.145508 10 3
781300.000000 528700.000000 -3536.483398 11 3
781400.000000 528700.000000 -3537.095703 12 3
781500.000000 528700.000000 -3538.286377 13 3
781600.000000 528700.000000 -3540.027344 14 3
781700.000000 528700.000000 -3537.126953 15 3
781800.000000 528700.000000 -3535.674072 16 3
781900.000000 528700.000000 -3533.731445 17 3
782000.000000 528700.000000 -3531.070557 18 3
782100.000000 528700.000000 -3526.884033 19 3
782200.000000 528700.000000 -3520.189697 20 3
782300.000000 528700.000000 -3513.352783 21 3
782400.000000 528700.000000 -3506.989746 22 3
782500.000000 528700.000000 -3500.539551 23 3
782600.000000 528700.000000 -3494.587402 24 3
782700.000000 528700.000000 -3491.820557 25 3
782800.000000 528700.000000 -3492.363770 26 3
782900.000000 528700.000000 -3493.805908 27 3
783000.000000 528700.000000 -3495.829346 28 3
783100.000000 528700.000000 -3498.816162 29 3
783200.000000 528700.000000 -3502.091064 30 3
783300.000000 528700.000000 -3504.365234 31 3
783400.000000 528700.000000 -3506.679932 32 3
783500.000000 528700.000000 -3511.019531 33 3
783600.000000 528700.000000 -3517.927002 34 3
783700.000000 528700.000000 -3522.419678 35 3
783800.000000 528700.000000 -3530.620605 36 3
783900.000000 528700.000000 -3541.387451 37 3
784000.000000 528700.000000 -3551.743164 38 3
784100.000000 528700.000000 -3561.572754 39 3
784200.000000 528700.000000 -3570.679443 40 3
784300.000000 528700.000000 -3580.012939 41 3
784400.000000 528700.000000 -3590.653076 42 3
784500.000000 528700.000000 -3601.833740 43 3
784600.000000 528700.000000 -3613.471924 44 3
784700.000000 528700.000000 -3624.081543 45 3
784800.000000 528700.000000 -3631.996826 46 3
784900.000000 528700.000000 -3638.573730 47 3
785000.000000 528700.000000 -3645.583252 48 3
780300.000000 528800.000000 -3529.625244 1 4
780400.000000 528800.000000 -3530.052002 2 4
780500.000000 528800.000000 -3530.321045 3 4
780600.000000 528800.000000 -3530.412842 4 4
780700.000000 528800.000000 -3530.312988 5 4
780800.000000 528800.000000 -3530.058838 6 4
780900.000000 528800.000000 -3529.707764 7 4
781000.000000 528800.000000 -3529.316895 8 4
781100.000000 528800.000000 -3528.864990 9 4
781200.000000 528800.000000 -3528.407715 10 4
781300.000000 528800.000000 -3528.035889 11 4
781400.000000 528800.000000 -3527.951660 12 4
781500.000000 528800.000000 -3528.225830 13 4
781600.000000 528800.000000 -3530.458984 14 4
781700.000000 528800.000000 -3528.421387 15 4
781800.000000 528800.000000 -3526.140137 16 4
781900.000000 528800.000000 -3524.725586 17 4
782000.000000 528800.000000 -3522.212158 18 4
782100.000000 528800.000000 -3516.691406 19 4
782200.000000 528800.000000 -3509.072510 20 4
782300.000000 528800.000000 -3502.696533 21 4
782400.000000 528800.000000 -3496.510986 22 4
782500.000000 528800.000000 -3489.390381 23 4
782600.000000 528800.000000 -3482.770752 24 4
782700.000000 528800.000000 -3480.048096 25 4
782800.000000 528800.000000 -3480.496826 26 4
782900.000000 528800.000000 -3482.131104 27 4
783000.000000 528800.000000 -3484.499268 28 4
783100.000000 528800.000000 -3487.411865 29 4
783200.000000 528800.000000 -3490.083252 30 4
783300.000000 528800.000000 -3492.127441 31 4
783400.000000 528800.000000 -3493.839844 32 4
783500.000000 528800.000000 -3497.103516 33 4
783600.000000 528800.000000 -3502.713867 34 4
783700.000000 528800.000000 -3510.804688 35 4
783800.000000 528800.000000 -3520.246094 36 4
783900.000000 528800.000000 -3531.658936 37 4
784000.000000 528800.000000 -3542.566162 38 4
784100.000000 528800.000000 -3552.937500 39 4
784200.000000 528800.000000 -3561.855469 40 4
784300.000000 528800.000000 -3571.271973 41 4
784400.000000 528800.000000 -3582.243408 42 4
784500.000000 528800.000000 -3592.723877 43 4
784600.000000 528800.000000 -3604.118896 44 4
784700.000000 528800.000000 -3615.274414 45 4
784800.000000 528800.000000 -3622.079834 46 4
784900.000000 528800.000000 -3627.470703 47 4
785000.000000 528800.000000 -3634.796875 48 4
780300.000000 528900.000000 -3526.750977 1 5
780400.000000 528900.000000 -3526.905273 2 5
780500.000000 528900.000000 -3526.918457 3 5
780600.000000 528900.000000 -3526.704590 4 5
780700.000000 528900.000000 -3526.202393 5 5
780800.000000 528900.000000 -3525.445313 6 5
780900.000000 528900.000000 -3524.485840 7 5
781000.000000 528900.000000 -3523.426025 8 5
781100.000000 528900.000000 -3522.230469 9 5
781200.000000 528900.000000 -3521.188965 10 5
781300.000000 528900.000000 -3520.273926 11 5
781400.000000 528900.000000 -3519.864502 12 5
781500.000000 528900.000000 -3519.627930 13 5
781600.000000 528900.000000 -3520.099121 14 5
781700.000000 528900.000000 -3519.741211 15 5
781800.000000 528900.000000 -3518.415771 16 5
781900.000000 528900.000000 -3516.462158 17 5
782000.000000 528900.000000 -3513.449951 18 5
782100.000000 528900.000000 -3506.939941 19 5
782200.000000 528900.000000 -3500.010742 20 5
782300.000000 528900.000000 -3494.100586 21 5
782400.000000 528900.000000 -3487.711914 22 5
782500.000000 528900.000000 -3480.711914 23 5
782600.000000 528900.000000 -3475.042969 24 5
782700.000000 528900.000000 -3471.788330 25 5
782800.000000 528900.000000 -3471.415283 26 5
782900.000000 528900.000000 -3472.695068 27 5
783000.000000 528900.000000 -3474.570557 28 5
783100.000000 528900.000000 -3476.427246 29 5
783200.000000 528900.000000 -3478.014648 30 5
783300.000000 528900.000000 -3479.369873 31 5
783400.000000 528900.000000 -3480.387939 32 5
783500.000000 528900.000000 -3484.209229 33 5
783600.000000 528900.000000 -3490.604248 34 5
783700.000000 528900.000000 -3499.012207 35 5
783800.000000 528900.000000 -3508.509033 36 5
783900.000000 528900.000000 -3517.343262 37 5
784000.000000 528900.000000 -3527.973145 38 5
784100.000000 528900.000000 -3539.265869 39 5
784200.000000 528900.000000 -3549.007324 40 5
784300.000000 528900.000000 -3560.438232 41 5
784400.000000 528900.000000 -3573.582275 42 5
784500.000000 528900.000000 -3582.693848 43 5
784600.000000 528900.000000 -3593.239990 44 5
784700.000000 528900.000000 -3604.295166 45 5
784800.000000 528900.000000 -3611.704834 46 5
784900.000000 528900.000000 -3617.970459 47 5
785000.000000 528900.000000 -3623.796143 48 5
780300.000000 529000.000000 -3524.072510 1 6
780400.000000 529000.000000 -3523.875977 2 6
780500.000000 529000.000000 -3523.688232 3 6
780600.000000 529000.000000 -3523.265137 4 6
780700.000000 529000.000000 -3522.449463 5 6
780800.000000 529000.000000 -3521.292480 6 6
780900.000000 529000.000000 -3519.823242 7 6
781000.000000 529000.000000 -3518.173828 8 6
781100.000000 529000.000000 -3516.201172 9 6
781200.000000 529000.000000 -3514.923340 10 6
781300.000000 529000.000000 -3513.906982 11 6
781400.000000 529000.000000 -3513.006104 12 6
781500.000000 529000.000000 -3513.115723 13 6
781600.000000 529000.000000 -3512.283203 14 6
781700.000000 529000.000000 -3511.208984 15 6
781800.000000 529000.000000 -3509.606445 16 6
781900.000000 529000.000000 -3507.254395 17 6
782000.000000 529000.000000 -3503.793213 18 6
782100.000000 529000.000000 -3498.415039 19 6
782200.000000 529000.000000 -3492.970459 20 6
782300.000000 529000.000000 -3487.665771 21 6
782400.000000 529000.000000 -3481.630127 22 6
782500.000000 529000.000000 -3474.974365 23 6
782600.000000 529000.000000 -3470.732910 24 6
782700.000000 529000.000000 -3466.341797 25 6
782800.000000 529000.000000 -3465.650879 26 6
782900.000000 529000.000000 -3466.079590 27 6
783000.000000 529000.000000 -3466.133057 28 6
783100.000000 529000.000000 -3467.123535 29 6
783200.000000 529000.000000 -3467.564453 30 6
783300.000000 529000.000000 -3467.842285 31 6
783400.000000 529000.000000 -3469.421875 32 6
783500.000000 529000.000000 -3472.946533 33 6
783600.000000 529000.000000 -3479.315430 34 6
783700.000000 529000.000000 -3487.627930 35 6
783800.000000 529000.000000 -3496.763428 36 6
783900.000000 529000.000000 -3504.960205 37 6
784000.000000 529000.000000 -3514.523438 38 6
784100.000000 529000.000000 -3525.197021 39 6
784200.000000 529000.000000 -3537.072754 40 6
784300.000000 529000.000000 -3550.865723 41 6
784400.000000 529000.000000 -3564.270508 42 6
784500.000000 529000.000000 -3572.897949 43 6
784600.000000 529000.000000 -3580.876709 44 6
784700.000000 529000.000000 -3588.862793 45 6
784800.000000 529000.000000 -3597.903320 46 6
784900.000000 529000.000000 -3605.177734 47 6
785000.000000 529000.000000 -3608.321045 48 6
780300.000000 529100.000000 -3521.468750 1 7
780400.000000 529100.000000 -3520.868652 2 7
780500.000000 529100.000000 -3520.615234 3 7
780600.000000 529100.000000 -3520.110840 4 7
780700.000000 529100.000000 -3519.108398 5 7
780800.000000 529100.000000 -3517.693359 6 7
780900.000000 529100.000000 -3515.770996 7 7
781000.000000 529100.000000 -3513.772949 8 7
781100.000000 529100.000000 -3510.560547 9 7
781200.000000 529100.000000 -3509.688965 10 7
781300.000000 529100.000000 -3509.243164 11 7
781400.000000 529100.000000 -3508.783936 12 7
781500.000000 529100.000000 -3507.152344 13 7
781600.000000 529100.000000 -3504.979004 14 7
781700.000000 529100.000000 -3502.468262 15 7
781800.000000 529100.000000 -3499.582764 16 7
781900.000000 529100.000000 -3496.842773 17 7
782000.000000 529100.000000 -3493.431885 18 7
782100.000000 529100.000000 -3488.775635 19 7
782200.000000 529100.000000 -3483.094482 20 7
782300.000000 529100.000000 -3479.309570 21 7
782400.000000 529100.000000 -3475.599854 22 7
782500.000000 529100.000000 -3470.878418 23 7
782600.000000 529100.000000 -3467.160400 24 7
782700.000000 529100.000000 -3463.076172 25 7
782800.000000 529100.000000 -3459.742432 26 7
782900.000000 529100.000000 -3459.162842 27 7
783000.000000 529100.000000 -3459.339600 28 7
783100.000000 529100.000000 -3459.485107 29 7
783200.000000 529100.000000 -3459.080078 30 7
783300.000000 529100.000000 -3459.382080 31 7
783400.000000 529100.000000 -3460.908203 32 7
783500.000000 529100.000000 -3463.590088 33 7
783600.000000 529100.000000 -3468.718018 34 7
783700.000000 529100.000000 -3476.240967 35 7
783800.000000 529100.000000 -3484.543457 36 7
783900.000000 529100.000000 -3493.602783 37 7
784000.000000 529100.000000 -3503.007813 38 7
784100.000000 529100.000000 -3514.000977 39 7
784200.000000 529100.000000 -3526.634766 40 7
784300.000000 529100.000000 -3540.048828 41 7
784400.000000 529100.000000 -3552.400391 42 7
784500.000000 529100.000000 -3562.617188 43 7
784600.000000 529100.000000 -3571.513672 44 7
784700.000000 529100.000000 -3579.394531 45 7
784800.000000 529100.000000 -3587.866455 46 7
784900.000000 529100.000000 -3594.857910 47 7
785000.000000 529100.000000 -3600.238281 48 7
780300.000000 529200.000000 -3519.389893 1 8
780400.000000 529200.000000 -3518.091797 2 8
780500.000000 529200.000000 -3517.845703 3 8
780600.000000 529200.000000 -3517.533936 4 8
780700.000000 529200.000000 -3516.356445 5 8
780800.000000 529200.000000 -3514.766602 6 8
780900.000000 529200.000000 -3512.353516 7 8
781000.000000 529200.000000 -3510.375977 8 8
781100.000000 529200.000000 -3507.557861 9 8
781200.000000 529200.000000 -3505.830078 10 8
781300.000000 529200.000000 -3504.464844 11 8
781400.000000 529200.000000 -3502.991455 12 8
781500.000000 529200.000000 -3500.423340 13 8
781600.000000 529200.000000 -3497.120361 14 8
781700.000000 529200.000000 -3494.277588 15 8
781800.000000 529200.000000 -3491.422852 16 8
781900.000000 529200.000000 -3488.394043 17 8
782000.000000 529200.000000 -3484.822021 18 8
782100.000000 529200.000000 -3479.976563 19 8
782200.000000 529200.000000 -3473.175781 20 8
782300.000000 529200.000000 -3467.845703 21 8
782400.000000 529200.000000 -3465.342041 22 8
782500.000000 529200.000000 -3462.993408 23 8
782600.000000 529200.000000 -3459.847656 24 8
782700.000000 529200.000000 -3456.238281 25 8
782800.000000 529200.000000 -3453.037354 26 8
782900.000000 529200.000000 -3452.155273 27 8
783000.000000 529200.000000 -3452.586914 28 8
783100.000000 529200.000000 -3452.771973 29 8
783200.000000 529200.000000 -3452.817871 30 8
783300.000000 529200.000000 -3452.765625 31 8
783400.000000 529200.000000 -3453.865967 32 8
783500.000000 529200.000000 -3456.352051 33 8
783600.000000 529200.000000 -3460.863525 34 8
783700.000000 529200.000000 -3467.663086 35 8
783800.000000 529200.000000 -3475.623535 36 8
783900.000000 529200.000000 -3484.790283 37 8
784000.000000 529200.000000 -3494.105957 38 8
784100.000000 529200.000000 -3504.699951 39 8
784200.000000 529200.000000 -3516.428223 40 8
784300.000000 529200.000000 -3529.595947 41 8
784400.000000 529200.000000 -3541.697754 42 8
784500.000000 529200.000000 -3551.642334 43 8
784600.000000 529200.000000 -3559.975342 44 8
784700.000000 529200.000000 -3567.705811 45 8
784800.000000 529200.000000 -3576.027832 46 8
784900.000000 529200.000000 -3582.282959 47 8
785000.000000 529200.000000 -3586.680420 48 8
780300.000000 529300.000000 -3517.411377 1 9
780400.000000 529300.000000 -3516.553955 2 9
780500.000000 529300.000000 -3516.085449 3 9
780600.000000 529300.000000 -3515.866699 4 9
780700.000000 529300.000000 -3514.739014 5 9
780800.000000 529300.000000 -3512.451172 6 9
780900.000000 529300.000000 -3510.297607 7 9
781000.000000 529300.000000 -3507.676025 8 9
781100.000000 529300.000000 -3505.118652 9 9
781200.000000 529300.000000 -3503.079346 10 9
781300.000000 529300.000000 -3500.495117 11 9
781400.000000 529300.000000 -3497.313721 12 9
781500.000000 529300.000000 -3493.807617 13 9
781600.000000 529300.000000 -3490.459961 14 9
781700.000000 529300.000000 -3487.567383 15 9
781800.000000 529300.000000 -3483.656982 16 9
781900.000000 529300.000000 -3479.313477 17 9
782000.000000 529300.000000 -3475.670654 18 9
782100.000000 529300.000000 -3470.972656 19 9
782200.000000 529300.000000 -3464.733887 20 9
782300.000000 529300.000000 -3459.987061 21 9
782400.000000 529300.000000 -3458.140381 22 9
782500.000000 529300.000000 -3456.189941 23 9
782600.000000 529300.000000 -3453.123047 24 9
782700.000000 529300.000000 -3449.771240 25 9
782800.000000 529300.000000 -3447.781006 26 9
782900.000000 529300.000000 -3447.277588 27 9
783000.000000 529300.000000 -3447.432129 28 9
783100.000000 529300.000000 -3447.387695 29 9
783200.000000 529300.000000 -3447.474365 30 9
783300.000000 529300.000000 -3448.422363 31 9
783400.000000 529300.000000 -3448.600830 32 9
783500.000000 529300.000000 -3450.038818 33 9
783600.000000 529300.000000 -3454.953857 34 9
783700.000000 529300.000000 -3461.030273 35 9
783800.000000 529300.000000 -3468.185547 36 9
783900.000000 529300.000000 -3476.733643 37 9
784000.000000 529300.000000 -3486.050781 38 9
784100.000000 529300.000000 -3496.003662 39 9
784200.000000 529300.000000 -3507.341553 40 9
784300.000000 529300.000000 -3519.648926 41 9
784400.000000 529300.000000 -3531.581055 42 9
784500.000000 529300.000000 -3542.209473 43 9
784600.000000 529300.000000 -3550.017822 44 9
784700.000000 529300.000000 -3557.150391 45 9
784800.000000 529300.000000 -3564.205322 46 9
784900.000000 529300.000000 -3568.796387 47 9
785000.000000 529300.000000 -3571.734131 48 9
780300.000000 529400.000000 -3515.172607 1 10
780400.000000 529400.000000 -3514.865967 2 10
780500.000000 529400.000000 -3514.871094 3 10
780600.000000 529400.000000 -3514.585693 4 10
780700.000000 529400.000000 -3513.186279 5 10
780800.000000 529400.000000 -3510.562988 6 10
780900.000000 529400.000000 -3507.815674 7 10
781000.000000 529400.000000 -3504.895996 8 10
781100.000000 529400.000000 -3502.161133 9 10
781200.000000 529400.000000 -3499.076660 10 10
781300.000000 529400.000000 -3495.352295 11 10
781400.000000 529400.000000 -3491.161621 12 10
781500.000000 529400.000000 -3487.190430 13 10
781600.000000 529400.000000 -3484.215576 14 10
781700.000000 529400.000000 -3481.825439 15 10
781800.000000 529400.000000 -3477.471436 16 10
781900.000000 529400.000000 -3470.973145 17 10
782000.000000 529400.000000 -3465.917725 18 10
782100.000000 529400.000000 -3462.266113 19 10
782200.000000 529400.000000 -3457.973633 20 10
782300.000000 529400.000000 -3453.937744 21 10
782400.000000 529400.000000 -3450.880615 22 10
782500.000000 529400.000000 -3448.465820 23 10
782600.000000 529400.000000 -3445.583252 24 10
782700.000000 529400.000000 -3443.721924 25 10
782800.000000 529400.000000 -3443.116455 26 10
782900.000000 529400.000000 -3443.500244 27 10
783000.000000 529400.000000 -3443.473389 28 10
783100.000000 529400.000000 -3443.355469 29 10
783200.000000 529400.000000 -3444.255127 30 10
783300.000000 529400.000000 -3446.157715 31 10
783400.000000 529400.000000 -3447.000244 32 10
783500.000000 529400.000000 -3448.041992 33 10
783600.000000 529400.000000 -3452.327637 34 10
783700.000000 529400.000000 -3456.547852 35 10
783800.000000 529400.000000 -3462.228271 36 10
783900.000000 529400.000000 -3469.569092 37 10
784000.000000 529400.000000 -3477.581299 38 10
784100.000000 529400.000000 -3485.433350 39 10
784200.000000 529400.000000 -3494.955811 40 10
784300.000000 529400.000000 -3507.182617 41 10
784400.000000 529400.000000 -3518.964600 42 10
784500.000000 529400.000000 -3530.730225 43 10
784600.000000 529400.000000 -3538.922363 44 10
784700.000000 529400.000000 -3546.103760 45 10
784800.000000 529400.000000 -3552.537354 46 10
784900.000000 529400.000000 -3557.037354 47 10
785000.000000 529400.000000 -3559.598633 48 10
780300.000000 529500.000000 -3512.761475 1 11
780400.000000 529500.000000 -3512.859619 2 11
780500.000000 529500.000000 -3512.607422 3 11
780600.000000 529500.000000 -3511.291748 4 11
780700.000000 529500.000000 -3509.159668 5 11
780800.000000 529500.000000 -3506.731445 6 11
780900.000000 529500.000000 -3504.088867 7 11
781000.000000 529500.000000 -3501.230713 8 11
781100.000000 529500.000000 -3498.197510 9 11
781200.000000 529500.000000 -3494.704102 10 11
781300.000000 529500.000000 -3490.648193 11 11
781400.000000 529500.000000 -3486.500244 12 11
781500.000000 529500.000000 -3482.360596 13 11
781600.000000 529500.000000 -3478.632568 14 11
781700.000000 529500.000000 -3476.224609 15 11
781800.000000 529500.000000 -3471.998535 16 11
781900.000000 529500.000000 -3466.831787 17 11
782000.000000 529500.000000 -3462.504883 18 11
782100.000000 529500.000000 -3458.633789 19 11
782200.000000 529500.000000 -3454.203857 20 11
782300.000000 529500.000000 -3449.393311 21 11
782400.000000 529500.000000 -3444.737793 22 11
782500.000000 529500.000000 -3440.628418 23 11
782600.000000 529500.000000 -3436.642090 24 11
782700.000000 529500.000000 -3434.595215 25 11
782800.000000 529500.000000 -3433.126709 26 11
782900.000000 529500.000000 -3432.707520 27 11
783000.000000 529500.000000 -3431.940918 28 11
783100.000000 529500.000000 -3436.298096 29 11
783200.000000 529500.000000 -3444.320801 30 11
783300.000000 529500.000000 -3445.591797 31 11
783400.000000 529500.000000 -3447.986816 32 11
783500.000000 529500.000000 -3450.324463 33 11
783600.000000 529500.000000 -3455.374268 34 11
783700.000000 529500.000000 -3461.471924 35 11
783800.000000 529500.000000 -3467.292725 36 11
783900.000000 529500.000000 -3474.018555 37 11
784000.000000 529500.000000 -3481.349609 38 11
784100.000000 529500.000000 -3488.433105 39 11
784200.000000 529500.000000 -3496.215088 40 11
784300.000000 529500.000000 -3504.234619 41 11
784400.000000 529500.000000 -3512.777344 42 11
784500.000000 529500.000000 -3523.182861 43 11
784600.000000 529500.000000 -3530.109131 44 11
784700.000000 529500.000000 -3534.112061 45 11
784800.000000 529500.000000 -3538.787598 46 11
784900.000000 529500.000000 -3544.342773 47 11
785000.000000 529500.000000 -3547.066650 48 11
780300.000000 529600.000000 -3509.563477 1 12
780400.000000 529600.000000 -3509.407227 2 12
780500.000000 529600.000000 -3508.292236 3 12
780600.000000 529600.000000 -3505.922119 4 12
780700.000000 529600.000000 -3503.662109 5 12
780800.000000 529600.000000 -3501.880859 6 12
780900.000000 529600.000000 -3499.586426 7 12
781000.000000 529600.000000 -3497.052979 8 12
781100.000000 529600.000000 -3494.279297 9 12
781200.000000 529600.000000 -3491.060059 10 12
781300.000000 529600.000000 -3487.602051 11 12
781400.000000 529600.000000 -3484.333008 12 12
781500.000000 529600.000000 -3480.731934 13 12
781600.000000 529600.000000 -3475.954590 14 12
781700.000000 529600.000000 -3472.301025 15 12
781800.000000 529600.000000 -3468.401367 16 12
781900.000000 529600.000000 -3464.251465 17 12
782000.000000 529600.000000 -3460.469971 18 12
782100.000000 529600.000000 -3456.166260 19 12
782200.000000 529600.000000 -3451.328857 20 12
782300.000000 529600.000000 -3446.802246 21 12
782400.000000 529600.000000 -3442.301514 22 12
782500.000000 529600.000000 -3438.443848 23 12
782600.000000 529600.000000 -3435.310791 24 12
782700.000000 529600.000000 -3432.520020 25 12
782800.000000 529600.000000 -3430.924805 26 12
782900.000000 529600.000000 -3430.197754 27 12
783000.000000 529600.000000 -3429.978516 28 12
783100.000000 529600.000000 -3432.672363 29 12
783200.000000 529600.000000 -3437.743164 30 12
783300.000000 529600.000000 -3442.882813 31 12
783400.000000 529600.000000 -3446.499756 32 12
783500.000000 529600.000000 -3449.266113 33 12
783600.000000 529600.000000 -3455.586914 34 12
783700.000000 529600.000000 -3462.636963 35 12
783800.000000 529600.000000 -3468.519043 36 12
783900.000000 529600.000000 -3475.183350 37 12
784000.000000 529600.000000 -3482.851807 38 12
784100.000000 529600.000000 -3490.814697 39 12
784200.000000 529600.000000 -3499.094238 40 12
784300.000000 529600.000000 -3507.667236 41 12
784400.000000 529600.000000 -3515.991211 42 12
784500.000000 529600.000000 -3523.992188 43 12
784600.000000 529600.000000 -3530.175781 44 12
784700.000000 529600.000000 -3529.463867 45 12
784800.000000 529600.000000 -3528.630371 46 12
784900.000000 529600.000000 -3531.576416 47 12
785000.000000 529600.000000 -3532.416016 48 12
780300.000000 529700.000000 -3506.699463 1 13
780400.000000 529700.000000 -3505.820313 2 13
780500.000000 529700.000000 -3504.115234 3 13
780600.000000 529700.000000 -3502.135254 4 13
780700.000000 529700.000000 -3500.234375 5 13
780800.000000 529700.000000 -3498.708740 6 13
780900.000000 529700.000000 -3496.535889 7 13
781000.000000 529700.000000 -3494.457275 8 13
781100.000000 529700.000000 -3492.062744 9 13
781200.000000 529700.000000 -3489.592285 10 13
781300.000000 529700.000000 -3487.151611 11 13
781400.000000 529700.000000 -3484.665283 12 13
781500.000000 529700.000000 -3481.410156 13 13
781600.000000 529700.000000 -3476.759033 14 13
781700.000000 529700.000000 -3473.014648 15 13
781800.000000 529700.000000 -3468.401855 16 13
781900.000000 529700.000000 -3463.362305 17 13
782000.000000 529700.000000 -3458.729736 18 13
782100.000000 529700.000000 -3452.547852 19 13
782200.000000 529700.000000 -3446.296875 20 13
782300.000000 529700.000000 -3441.954102 21 13
782400.000000 529700.000000 -3437.585449 22 13
782500.000000 529700.000000 -3433.901611 23 13
782600.000000 529700.000000 -3431.630127 24 13
782700.000000 529700.000000 -3431.408936 25 13
782800.000000 529700.000000 -3431.275391 26 13
782900.000000 529700.000000 -3430.219482 27 13
783000.000000 529700.000000 -3429.884033 28 13
783100.000000 529700.000000 -3431.963867 29 13
783200.000000 529700.000000 -3435.645264 30 13
783300.000000 529700.000000 -3440.701904 31 13
783400.000000 529700.000000 -3445.352051 32 13
783500.000000 529700.000000 -3449.561523 33 13
783600.000000 529700.000000 -3456.897949 34 13
783700.000000 529700.000000 -3464.503418 35 13
783800.000000 529700.000000 -3469.800537 36 13
783900.000000 529700.000000 -3476.355469 37 13
784000.000000 529700.000000 -3484.603271 38 13
784100.000000 529700.000000 -3492.811768 39 13
784200.000000 529700.000000 -3501.401855 40 13
784300.000000 529700.000000 -3510.052246 41 13
784400.000000 529700.000000 -3518.246094 42 13
784500.000000 529700.000000 -3525.775879 43 13
784600.000000 529700.000000 -3533.041504 44 13
784700.000000 529700.000000 -3538.989014 45 13
784800.000000 529700.000000 -3543.743652 46 13
784900.000000 529700.000000 -3546.063965 47 13
785000.000000 529700.000000 -3545.028076 48 13
780300.000000 529800.000000 -3505.429688 1 14
780400.000000 529800.000000 -3504.022217 2 14
780500.000000 529800.000000 -3501.452393 3 14
780600.000000 529800.000000 -3500.224121 4 14
780700.000000 529800.000000 -3498.774902 5 14
780800.000000 529800.000000 -3497.576660 6 14
780900.000000 529800.000000 -3495.840576 7 14
781000.000000 529800.000000 -3494.120361 8 14
781100.000000 529800.000000 -3492.317383 9 14
781200.000000 529800.000000 -3491.228027 10 14
781300.000000 529800.000000 -3489.845459 11 14
781400.000000 529800.000000 -3487.363525 12 14
781500.000000 529800.000000 -3484.119385 13 14
781600.000000 529800.000000 -3480.453857 14 14
781700.000000 529800.000000 -3476.488770 15 14
781800.000000 529800.000000 -3470.538818 16 14
781900.000000 529800.000000 -3464.889160 17 14
782000.000000 529800.000000 -3459.777100 18 14
782100.000000 529800.000000 -3453.826660 19 14
782200.000000 529800.000000 -3447.527588 20 14
782300.000000 529800.000000 -3440.376221 21 14
782400.000000 529800.000000 -3434.007080 22 14
782500.000000 529800.000000 -3426.909424 23 14
782600.000000 529800.000000 -3422.766357 24 14
782700.000000 529800.000000 -3424.366699 25 14
782800.000000 529800.000000 -3425.264404 26 14
782900.000000 529800.000000 -3427.383545 27 14
783000.000000 529800.000000 -3429.490234 28 14
783100.000000 529800.000000 -3433.474365 29 14
783200.000000 529800.000000 -3438.349121 30 14
783300.000000 529800.000000 -3444.054199 31 14
783400.000000 529800.000000 -3450.287354 32 14
783500.000000 529800.000000 -3456.580078 33 14
783600.000000 529800.000000 -3462.532227 34 14
783700.000000 529800.000000 -3469.393555 35 14
783800.000000 529800.000000 -3473.456787 36 14
783900.000000 529800.000000 -3478.679932 37 14
784000.000000 529800.000000 -3486.807373 38 14
784100.000000 529800.000000 -3494.513672 39 14
784200.000000 529800.000000 -3502.448975 40 14
784300.000000 529800.000000 -3510.700195 41 14
784400.000000 529800.000000 -3518.784668 42 14
784500.000000 529800.000000 -3526.643555 43 14
784600.000000 529800.000000 -3534.322754 44 14
784700.000000 529800.000000 -3540.883545 45 14
784800.000000 529800.000000 -3546.312744 46 14
784900.000000 529800.000000 -3549.327393 47 14
785000.000000 529800.000000 -3548.846924 48 14
780300.000000 529900.000000 -3505.205566 1 15
780400.000000 529900.000000 -3504.705078 2 15
780500.000000 529900.000000 -3501.565918 3 15
780600.000000 529900.000000 -3500.037109 4 15
780700.000000 529900.000000 -3499.149414 5 15
780800.000000 529900.000000 -3498.054443 6 15
780900.000000 529900.000000 -3497.005615 7 15
781000.000000 529900.000000 -3495.337158 8 15
781100.000000 529900.000000 -3494.255859 9 15
781200.000000 529900.000000 -3493.780762 10 15
781300.000000 529900.000000 -3492.863525 11 15
781400.000000 529900.000000 -3490.937012 12 15
781500.000000 529900.000000 -3487.939941 13 15
781600.000000 529900.000000 -3483.668213 14 15
781700.000000 529900.000000 -3479.249756 15 15
781800.000000 529900.000000 -3473.469482 16 15
781900.000000 529900.000000 -3468.634277 17 15
782000.000000 529900.000000 -3463.894043 18 15
782100.000000 529900.000000 -3458.745117 19 15
782200.000000 529900.000000 -3453.255127 20 15
782300.000000 529900.000000 -3446.991211 21 15
782400.000000 529900.000000 -3441.044434 22 15
782500.000000 529900.000000 -3434.314697 23 15
782600.000000 529900.000000 -3428.877441 24 15
782700.000000 529900.000000 -3428.678223 25 15
782800.000000 529900.000000 -3429.410156 26 15
782900.000000 529900.000000 -3431.167480 27 15
783000.000000 529900.000000 -3433.531250 28 15
783100.000000 529900.000000 -3437.969482 29 15
783200.000000 529900.000000 -3443.488525 30 15
783300.000000 529900.000000 -3449.802979 31 15
783400.000000 529900.000000 -3456.217041 32 15
783500.000000 529900.000000 -3462.568359 33 15
783600.000000 529900.000000 -3468.537354 34 15
783700.000000 529900.000000 -3475.398682 35 15
783800.000000 529900.000000 -3482.786133 36 15
783900.000000 529900.000000 -3489.702393 37 15
784000.000000 529900.000000 -3496.416992 38 15
784100.000000 529900.000000 -3502.948486 39 15
784200.000000 529900.000000 -3509.567139 40 15
784300.000000 529900.000000 -3517.104004 41 15
784400.000000 529900.000000 -3524.820557 42 15
784500.000000 529900.000000 -3531.089844 43 15
784600.000000 529900.000000 -3537.515625 44 15
784700.000000 529900.000000 -3544.157227 45 15
784800.000000 529900.000000 -3550.172607 46 15
784900.000000 529900.000000 -3552.861084 47 15
785000.000000 529900.000000 -3551.218506 48 15
780300.000000 530000.000000 -3504.790039 1 16
780400.000000 530000.000000 -3505.665039 2 16
780500.000000 530000.000000 -3503.183594 3 16
780600.000000 530000.000000 -3501.244629 4 16
780700.000000 530000.000000 -3500.536621 5 16
780800.000000 530000.000000 -3499.735596 6 16
780900.000000 530000.000000 -3498.961914 7 16
781000.000000 530000.000000 -3497.396240 8 16
781100.000000 530000.000000 -3496.688232 9 16
781200.000000 530000.000000 -3496.130859 10 16
781300.000000 530000.000000 -3495.133545 11 16
781400.000000 530000.000000 -3493.549316 12 16
781500.000000 530000.000000 -3490.889160 13 16
781600.000000 530000.000000 -3487.015869 14 16
781700.000000 530000.000000 -3483.100830 15 16
781800.000000 530000.000000 -3478.929443 16 16
781900.000000 530000.000000 -3474.691895 17 16
782000.000000 530000.000000 -3469.877197 18 16
782100.000000 530000.000000 -3464.764893 19 16
782200.000000 530000.000000 -3459.058594 20 16
782300.000000 530000.000000 -3452.852783 21 16
782400.000000 530000.000000 -3446.453613 22 16
782500.000000 530000.000000 -3440.825684 23 16
782600.000000 530000.000000 -3436.553955 24 16
782700.000000 530000.000000 -3433.830322 25 16
782800.000000 530000.000000 -3434.448242 26 16
782900.000000 530000.000000 -3436.512695 27 16
783000.000000 530000.000000 -3440.536377 28 16
783100.000000 530000.000000 -3445.889648 29 16
783200.000000 530000.000000 -3451.985352 30 16
783300.000000 530000.000000 -3458.312256 31 16
783400.000000 530000.000000 -3464.157471 32 16
783500.000000 530000.000000 -3469.645264 33 16
783600.000000 530000.000000 -3474.531982 34 16
783700.000000 530000.000000 -3481.098145 35 16
783800.000000 530000.000000 -3488.769043 36 16
783900.000000 530000.000000 -3496.650391 37 16
784000.000000 530000.000000 -3504.524414 38 16
784100.000000 530000.000000 -3511.621094 39 16
784200.000000 530000.000000 -3518.608643 40 16
784300.000000 530000.000000 -3526.267334 41 16
784400.000000 530000.000000 -3532.845459 42 16
784500.000000 530000.000000 -3538.683838 43 16
784600.000000 530000.000000 -3543.987549 44 16
784700.000000 530000.000000 -3550.279785 45 16
784800.000000 530000.000000 -3555.631348 46 16
784900.000000 530000.000000 -3559.602783 47 16
785000.000000 530000.000000 -3563.295166 48 16
780300.000000 530100.000000 -3503.872070 1 17
780400.000000 530100.000000 -3505.716064 2 17
780500.000000 530100.000000 -3505.246582 3 17
780600.000000 530100.000000 -3504.038818 4 17
780700.000000 530100.000000 -3502.558594 5 17
780800.000000 530100.000000 -3502.032715 6 17
780900.000000 530100.000000 -3500.974609 7 17
781000.000000 530100.000000 -3499.518066 8 17
781100.000000 530100.000000 -3499.271240 9 17
781200.000000 530100.000000 -3498.750000 10 17
781300.000000 530100.000000 -3497.547363 11 17
781400.000000 530100.000000 -3495.619141 12 17
781500.000000 530100.000000 -3493.186035 13 17
781600.000000 530100.000000 -3490.354492 14 17
781700.000000 530100.000000 -3488.010498 15 17
781800.000000 530100.000000 -3484.770996 16 17
781900.000000 530100.000000 -3480.939697 17 17
782000.000000 530100.000000 -3476.779541 18 17
782100.000000 530100.000000 -3471.705811 19 17
782200.000000 530100.000000 -3465.943359 20 17
782300.000000 530100.000000 -3460.391846 21 17
782400.000000 530100.000000 -3455.299316 22 17
782500.000000 530100.000000 -3451.056396 23 17
782600.000000 530100.000000 -3447.739258 24 17
782700.000000 530100.000000 -3444.068115 25 17
782800.000000 530100.000000 -3444.360840 26 17
782900.000000 530100.000000 -3446.779053 27 17
783000.000000 530100.000000 -3451.799561 28 17
783100.000000 530100.000000 -3457.368408 29 17
783200.000000 530100.000000 -3463.223633 30 17
783300.000000 530100.000000 -3468.796143 31 17
783400.000000 530100.000000 -3473.584473 32 17
783500.000000 530100.000000 -3478.182129 33 17
783600.000000 530100.000000 -3483.706055 34 17
783700.000000 530100.000000 -3489.251953 35 17
783800.000000 530100.000000 -3494.587646 36 17
783900.000000 530100.000000 -3499.978271 37 17
784000.000000 530100.000000 -3510.071777 38 17
784100.000000 530100.000000 -3517.897949 39 17
784200.000000 530100.000000 -3526.290771 40 17
784300.000000 530100.000000 -3534.109619 41 17
784400.000000 530100.000000 -3539.777344 42 17
784500.000000 530100.000000 -3544.650146 43 17
784600.000000 530100.000000 -3550.822754 44 17
784700.000000 530100.000000 -3557.082520 45 17
784800.000000 530100.000000 -3562.576904 46 17
784900.000000 530100.000000 -3567.238525 47 17
785000.000000 530100.000000 -3574.260986 48 17
780300.000000 530200.000000 -3502.886475 1 18
780400.000000 530200.000000 -3504.971436 2 18
780500.000000 530200.000000 -3506.400879 3 18
780600.000000 530200.000000 -3506.080078 4 18
780700.000000 530200.000000 -3504.906006 5 18
780800.000000 530200.000000 -3504.365234 6 18
780900.000000 530200.000000 -3502.719238 7 18
781000.000000 530200.000000 -3501.194580 8 18
781100.000000 530200.000000 -3502.260010 9 18
781200.000000 530200.000000 -3502.223389 10 18
781300.000000 530200.000000 -3500.884521 11 18
781400.000000 530200.000000 -3499.014160 12 18
781500.000000 530200.000000 -3496.744385 13 18
781600.000000 530200.000000 -3494.680420 14 18
781700.000000 530200.000000 -3492.941650 15 18
781800.000000 530200.000000 -3490.603271 16 18
781900.000000 530200.000000 -3488.481934 17 18
782000.000000 530200.000000 -3485.038818 18 18
782100.000000 530200.000000 -3480.073242 19 18
782200.000000 530200.000000 -3475.104248 20 18
782300.000000 530200.000000 -3470.543701 21 18
782400.000000 530200.000000 -3466.570313 22 18
782500.000000 530200.000000 -3463.413330 23 18
782600.000000 530200.000000 -3460.425537 24 18
782700.000000 530200.000000 -3458.605225 25 18
782800.000000 530200.000000 -3458.918457 26 18
782900.000000 530200.000000 -3462.427490 27 18
783000.000000 530200.000000 -3466.968506 28 18
783100.000000 530200.000000 -3471.348389 29 18
783200.000000 530200.000000 -3476.079834 30 18
783300.000000 530200.000000 -3480.251709 31 18
783400.000000 530200.000000 -3483.664551 32 18
783500.000000 530200.000000 -3487.629639 33 18
783600.000000 530200.000000 -3492.713135 34 18
783700.000000 530200.000000 -3498.320313 35 18
783800.000000 530200.000000 -3504.605469 36 18
783900.000000 530200.000000 -3510.412354 37 18
784000.000000 530200.000000 -3516.076416 38 18
784100.000000 530200.000000 -3521.831543 39 18
784200.000000 530200.000000 -3529.889160 40 18
784300.000000 530200.000000 -3539.931885 41 18
784400.000000 530200.000000 -3546.122559 42 18
784500.000000 530200.000000 -3551.703857 43 18
784600.000000 530200.000000 -3558.010742 44 18
784700.000000 530200.000000 -3564.768066 45 18
784800.000000 530200.000000 -3570.993652 46 18
784900.000000 530200.000000 -3577.112061 47 18
785000.000000 530200.000000 -3585.650391 48 18
780300.000000 530300.000000 -3501.244141 1 19
780400.000000 530300.000000 -3503.770752 2 19
780500.000000 530300.000000 -3505.406494 3 19
780600.000000 530300.000000 -3506.015137 4 19
780700.000000 530300.000000 -3506.309814 5 19
780800.000000 530300.000000 -3506.344482 6 19
780900.000000 530300.000000 -3504.996826 7 19
781000.000000 530300.000000 -3504.483887 8 19
781100.000000 530300.000000 -3506.009277 9 19
781200.000000 530300.000000 -3506.183350 10 19
781300.000000 530300.000000 -3505.208984 11 19
781400.000000 530300.000000 -3504.287109 12 19
781500.000000 530300.000000 -3503.293945 13 19
781600.000000 530300.000000 -3501.726318 14 19
781700.000000 530300.000000 -3499.849365 15 19
781800.000000 530300.000000 -3498.549072 16 19
781900.000000 530300.000000 -3497.281250 17 19
782000.000000 530300.000000 -3494.634033 18 19
782100.000000 530300.000000 -3490.899170 19 19
782200.000000 530300.000000 -3486.637451 20 19
782300.000000 530300.000000 -3482.228760 21 19
782400.000000 530300.000000 -3478.515625 22 19
782500.000000 530300.000000 -3475.878418 23 19
782600.000000 530300.000000 -3473.968262 24 19
782700.000000 530300.000000 -3473.779541 25 19
782800.000000 530300.000000 -3475.535400 26 19
782900.000000 530300.000000 -3478.312744 27 19
783000.000000 530300.000000 -3481.802979 28 19
783100.000000 530300.000000 -3485.830811 29 19
783200.000000 530300.000000 -3489.585205 30 19
783300.000000 530300.000000 -3492.476074 31 19
783400.000000 530300.000000 -3495.125000 32 19
783500.000000 530300.000000 -3498.953369 33 19
783600.000000 530300.000000 -3503.888184 34 19
783700.000000 530300.000000 -3509.339600 35 19
783800.000000 530300.000000 -3515.134033 36 19
783900.000000 530300.000000 -3521.124268 37 19
784000.000000 530300.000000 -3526.712158 38 19
784100.000000 530300.000000 -3531.471680 39 19
784200.000000 530300.000000 -3535.894287 40 19
784300.000000 530300.000000 -3545.155762 41 19
784400.000000 530300.000000 -3551.725342 42 19
784500.000000 530300.000000 -3558.001709 43 19
784600.000000 530300.000000 -3564.413818 44 19
784700.000000 530300.000000 -3572.477783 45 19
784800.000000 530300.000000 -3579.883057 46 19
784900.000000 530300.000000 -3586.957031 47 19
785000.000000 530300.000000 -3597.440918 48 19
780300.000000 530400.000000 -3498.069336 1 20
780400.000000 530400.000000 -3501.480225 2 20
780500.000000 530400.000000 -3503.556396 3 20
780600.000000 530400.000000 -3505.229004 4 20
780700.000000 530400.000000 -3506.816406 5 20
780800.000000 530400.000000 -3507.615723 6 20
780900.000000 530400.000000 -3507.497803 7 20
781000.000000 530400.000000 -3508.220947 8 20
781100.000000 530400.000000 -3509.679932 9 20
781200.000000 530400.000000 -3510.207764 10 20
781300.000000 530400.000000 -3510.213379 11 20
781400.000000 530400.000000 -3510.539063 12 20
781500.000000 530400.000000 -3510.719238 13 20
781600.000000 530400.000000 -3510.105225 14 20
781700.000000 530400.000000 -3508.895996 15 20
781800.000000 530400.000000 -3507.796631 16 20
781900.000000 530400.000000 -3506.955078 17 20
782000.000000 530400.000000 -3505.855713 18 20
782100.000000 530400.000000 -3502.875244 19 20
782200.000000 530400.000000 -3498.437500 20 20
782300.000000 530400.000000 -3494.082275 21 20
782400.000000 530400.000000 -3490.558838 22 20
782500.000000 530400.000000 -3488.522705 23 20
782600.000000 530400.000000 -3488.125977 24 20
782700.000000 530400.000000 -3489.231934 25 20
782800.000000 530400.000000 -3491.119141 26 20
782900.000000 530400.000000 -3493.866699 27 20
783000.000000 530400.000000 -3497.232666 28 20
783100.000000 530400.000000 -3500.685059 29 20
783200.000000 530400.000000 -3503.832520 30 20
783300.000000 530400.000000 -3506.129150 31 20
783400.000000 530400.000000 -3508.541504 32 20
783500.000000 530400.000000 -3512.118164 33 20
783600.000000 530400.000000 -3516.494873 34 20
783700.000000 530400.000000 -3521.444580 35 20
783800.000000 530400.000000 -3527.134766 36 20
783900.000000 530400.000000 -3533.197021 37 20
784000.000000 530400.000000 -3539.356689 38 20
784100.000000 530400.000000 -3545.160400 39 20
784200.000000 530400.000000 -3550.257324 40 20
784300.000000 530400.000000 -3555.096680 41 20
784400.000000 530400.000000 -3560.699951 42 20
784500.000000 530400.000000 -3566.591309 43 20
784600.000000 530400.000000 -3573.295166 44 20
784700.000000 530400.000000 -3582.000244 45 20
784800.000000 530400.000000 -3590.298584 46 20
784900.000000 530400.000000 -3599.589844 47 20
785000.000000 530400.000000 -3612.097412 48 20
780300.000000 530500.000000 -3492.597900 1 21
780400.000000 530500.000000 -3496.812988 2 21
780500.000000 530500.000000 -3500.038574 3 21
780600.000000 530500.000000 -3502.978271 4 21
780700.000000 530500.000000 -3505.481689 5 21
780800.000000 530500.000000 -3506.996582 6 21
780900.000000 530500.000000 -3508.159668 7 21
781000.000000 530500.000000 -3509.823242 8 21
781100.000000 530500.000000 -3511.774414 9 21
781200.000000 530500.000000 -3513.373291 10 21
781300.000000 530500.000000 -3514.693604 11 21
781400.000000 530500.000000 -3516.287842 12 21
781500.000000 530500.000000 -3517.715576 13 21
781600.000000 530500.000000 -3518.150146 14 21
781700.000000 530500.000000 -3518.508057 15 21
781800.000000 530500.000000 -3517.988525 16 21
781900.000000 530500.000000 -3517.497803 17 21
782000.000000 530500.000000 -3516.511963 18 21
782100.000000 530500.000000 -3513.785400 19 21
782200.000000 530500.000000 -3509.794922 20 21
782300.000000 530500.000000 -3505.907227 21 21
782400.000000 530500.000000 -3503.141357 22 21
782500.000000 530500.000000 -3502.303467 23 21
782600.000000 530500.000000 -3502.873291 24 21
782700.000000 530500.000000 -3503.714111 25 21
782800.000000 530500.000000 -3505.679932 26 21
782900.000000 530500.000000 -3508.708252 27 21
783000.000000 530500.000000 -3512.318359 28 21
783100.000000 530500.000000 -3515.697510 29 21
783200.000000 530500.000000 -3518.500244 30 21
783300.000000 530500.000000 -3520.686768 31 21
783400.000000 530500.000000 -3523.067627 32 21
783500.000000 530500.000000 -3526.030029 33 21
783600.000000 530500.000000 -3529.684814 34 21
783700.000000 530500.000000 -3534.248535 35 21
783800.000000 530500.000000 -3539.977295 36 21
783900.000000 530500.000000 -3546.238281 37 21
784000.000000 530500.000000 -3552.129883 38 21
784100.000000 530500.000000 -3557.232666 39 21
784200.000000 530500.000000 -3562.026611 40 21
784300.000000 530500.000000 -3567.571289 41 21
784400.000000 530500.000000 -3573.675537 42 21
784500.000000 530500.000000 -3579.951416 43 21
784600.000000 530500.000000 -3586.744629 44 21
784700.000000 530500.000000 -3594.931396 45 21
784800.000000 530500.000000 -3604.027100 46 21
784900.000000 530500.000000 -3613.985840 47 21
785000.000000 530500.000000 -3624.197021 48 21
780300.000000 530600.000000 -3484.848633 1 22
780400.000000 530600.000000 -3489.705811 2 22
780500.000000 530600.000000 -3494.457275 3 22
780600.000000 530600.000000 -3498.923096 4 22
780700.000000 530600.000000 -3502.589844 5 22
780800.000000 530600.000000 -3505.480713 6 22
780900.000000 530600.000000 -3507.518799 7 22
781000.000000 530600.000000 -3509.695557 8 22
781100.000000 530600.000000 -3512.308350 9 22
781200.000000 530600.000000 -3514.969482 10 22
781300.000000 530600.000000 -3517.706299 11 22
781400.000000 530600.000000 -3520.681885 12 22
781500.000000 530600.000000 -3523.647949 13 22
781600.000000 530600.000000 -3525.220459 14 22
781700.000000 530600.000000 -3526.514893 15 22
781800.000000 530600.000000 -3527.233154 16 22
781900.000000 530600.000000 -3527.113770 17 22
782000.000000 530600.000000 -3526.157227 18 22
782100.000000 530600.000000 -3524.379883 19 22
782200.000000 530600.000000 -3521.271240 20 22
782300.000000 530600.000000 -3518.060791 21 22
782400.000000 530600.000000 -3516.490234 22 22
782500.000000 530600.000000 -3516.554443 23 22
782600.000000 530600.000000 -3517.612549 24 22
782700.000000 530600.000000 -3518.803711 25 22
782800.000000 530600.000000 -3520.564209 26 22
782900.000000 530600.000000 -3523.547119 27 22
783000.000000 530600.000000 -3527.429688 28 22
783100.000000 530600.000000 -3531.090088 29 22
783200.000000 530600.000000 -3534.081787 30 22
783300.000000 530600.000000 -3536.486328 31 22
783400.000000 530600.000000 -3538.802490 32 22
783500.000000 530600.000000 -3540.972168 33 22
783600.000000 530600.000000 -3543.891846 34 22
783700.000000 530600.000000 -3548.280029 35 22
783800.000000 530600.000000 -3553.723877 36 22
783900.000000 530600.000000 -3559.216309 37 22
784000.000000 530600.000000 -3564.408447 38 22
784100.000000 530600.000000 -3569.270996 39 22
784200.000000 530600.000000 -3574.066895 40 22
784300.000000 530600.000000 -3579.350586 41 22
784400.000000 530600.000000 -3585.466797 42 22
784500.000000 530600.000000 -3592.073730 43 22
784600.000000 530600.000000 -3598.949219 44 22
784700.000000 530600.000000 -3606.895996 45 22
784800.000000 530600.000000 -3616.196777 46 22
784900.000000 530600.000000 -3625.431885 47 22
785000.000000 530600.000000 -3632.806641 48 22
